Pontos	Desvios
0	0.121991362582623610000000000000
1	0.121991362582623610000000000000
2	0.122937037377475910000000000000
3	0.060651278835646631000000000000
4	0.014130757734261673000000000000
5	0.034204983429712232000000000000
6	0.047657236407324499000000000000
7	0.052302588760166462000000000000
8	0.053529595407404346000000000000
9	0.053762708562169893000000000000
10	0.053783339235652192000000000000
11	0.053783339714583614000000000000
12	0.053762708166234477000000000000
13	0.053529597429492301000000000000
14	0.052302588779377365000000000000
15	0.047657236191841382000000000000
16	0.034204984707702640000000000000
17	0.014130745760369302000000000000
18	0.060651292690440638000000000000
19	0.122937056208314100000000000000
20	0.121991379474618730000000000000
Pontos	Desvios
0	0.330159875802454430000000000000
1	0.349397503746872900000000000000
2	0.330099416491132890000000000000
3	0.349128753667246830000000000000
4	0.330229386772031670000000000000
5	0.349350470143130860000000000000
6	0.330169312906115950000000000000
7	0.349079728118443620000000000000
8	0.330284271801722820000000000000
9	0.349238955008745360000000000000
10	0.330043114903184500000000000000
Pontos	Desvios
0	0.288413473076075620000000000000
1	0.288413473076075620000000000000
2	0.686910068711612980000000000000
3	0.936717594622052290000000000000
4	1.075622266738750500000000000000
5	1.140951401932504400000000000000
6	1.166390566853580800000000000000
7	1.174499818255458700000000000000
8	1.176565703668490200000000000000
9	1.176948435240936500000000000000
10	1.176979959462365600000000000000
11	1.176979957435323000000000000000
12	1.176948432538335700000000000000
13	1.176565695561059100000000000000
14	1.174499810147852800000000000000
15	1.166390554692110500000000000000
16	1.140951387068574800000000000000
17	1.075622231606047100000000000000
18	0.936717552462726030000000000000
19	0.686910025606294880000000000000
20	0.288413436997512430000000000000
