Ux	Uy	Uz	
0.126884214928354060000000000000	0.000010899789903365095000000000	0.000000000000000000000000000000
0.566253085971300530000000000000	0.000508683675441533980000000000	0.000000000000000000000000000000
1.026330599800060000000000000000	0.001832669283572027300000000000	0.000000000000000000000000000000
1.236598027324259600000000000000	0.002415214175274968700000000000	0.000000000000000000000000000000
1.290300623125637800000000000000	0.001665241752749094200000000000	0.000000000000000000000000000000
1.296038127290953100000000000000	0.000253144850049990480000000000	0.000000000000000000000000000000
1.294147717427570800000000000000	-0.001230317907364223600000000000	0.000000000000000000000000000000
1.265397914028606700000000000000	-0.002291032452515729500000000000	0.000000000000000000000000000000
1.121659440186642400000000000000	-0.002176537907364086300000000000	0.000000000000000000000000000000
0.748178275574796660000000000000	-0.000932287880039974120000000000	0.000000000000000000000000000000
0.126884210263242430000000000000	-0.000010899804698433391000000000	0.000000000000000000000000000000
