Pontos	Desvios
0	0.121991362582623610000000000000
1	0.121991362582623610000000000000
2	0.122937037377475910000000000000
3	0.060651278835646631000000000000
4	0.014130757734261673000000000000
5	0.034204983429712232000000000000
6	0.047657236407324499000000000000
7	0.052302588760166462000000000000
8	0.053529595407404346000000000000
9	0.053762708562169893000000000000
10	0.053783339235652192000000000000
11	0.053783339714583614000000000000
12	0.053762708166234477000000000000
13	0.053529597429492301000000000000
14	0.052302588779377365000000000000
15	0.047657236191841382000000000000
16	0.034204984707702640000000000000
17	0.014130745760369302000000000000
18	0.060651292690440638000000000000
19	0.122937056208314100000000000000
20	0.121991379474618730000000000000
