Pontos	Desvios
0	0.028927592684212380000000000000
1	0.094231808200354539000000000000
2	0.058937990914713009000000000000
3	0.023292637744486765000000000000
4	0.073073290929038123000000000000
5	0.093550497255248291000000000000
6	0.083395608410507513000000000000
7	0.042075101520161362000000000000
8	0.034969292630114425000000000000
9	0.094307781514928107000000000000
10	0.028927641105084487000000000000
Pontos	Desvios
0	0.002227005098833204400000000000
1	0.009797944103879309100000000000
2	0.009780944310416211600000000000
3	0.000680016659096360580000000000
4	0.010075051040839235000000000000
5	0.013725193084667407000000000000
6	0.011940802781646788000000000000
7	0.004333164771409684000000000000
8	0.006875722360997386400000000000
9	0.011501217059008331000000000000
10	0.002226944892781686100000000000
Pontos	Desvios
0	0.000046280955206200789000000000
1	0.000305862619421101550000000000
2	0.000150071093182394030000000000
3	0.000110167122991134790000000000
4	0.000197170534086240790000000000
5	0.000209109818403886780000000000
6	0.000206164142311357220000000000
7	0.000156387216930481460000000000
8	0.000045639078971004745000000000
9	0.000315847436534663300000000000
10	0.000046268756650862095000000000
