Ux	Uy	Uz	
0.296948172721808900000000000000	0.000002976261859666800400000000	0.000000000000000000000000000000
0.296948172721808900000000000000	0.000002976261859666800400000000	0.000000000000000000000000000000
0.691093296846880260000000000000	0.000053265476262059689000000000	0.000000000000000000000000000000
0.937595474168415040000000000000	0.000140771997926466980000000000	0.000000000000000000000000000000
1.074648701419933500000000000000	0.000216029501583726010000000000	0.000000000000000000000000000000
1.139106845543750100000000000000	0.000244411305094708920000000000	0.000000000000000000000000000000
1.164206844210358100000000000000	0.000229128586751778290000000000	0.000000000000000000000000000000
1.172207979468107500000000000000	0.000188581034139942500000000000	0.000000000000000000000000000000
1.174246321578513300000000000000	0.000137535217473060840000000000	0.000000000000000000000000000000
1.174623950403394200000000000000	0.000083060113404152884000000000	0.000000000000000000000000000000
1.174655054329747800000000000000	0.000027753942754367255000000000	0.000000000000000000000000000000
1.174655052329881300000000000000	-0.000027759739763322685000000000	0.000000000000000000000000000000
1.174623947736905400000000000000	-0.000083066111737434322000000000	0.000000000000000000000000000000
1.174246313579046400000000000000	-0.000137540788784980650000000000	0.000000000000000000000000000000
1.172207971468640900000000000000	-0.000188587083942871170000000000	0.000000000000000000000000000000
1.164206832211158300000000000000	-0.000229133848828251330000000000	0.000000000000000000000000000000
1.139106830878061000000000000000	-0.000244417148652590210000000000	0.000000000000000000000000000000
1.074648666755577900000000000000	-0.000216033481737135960000000000	0.000000000000000000000000000000
0.937595432571187830000000000000	-0.000140776776605730040000000000	0.000000000000000000000000000000
0.691093254316381580000000000000	-0.000053266835458692531000000000	0.000000000000000000000000000000
0.296948137124183660000000000000	-0.000002979436930750114300000000	0.000000000000000000000000000000
