Ux
0.296948172721808900000000000000 
0.296948172721808900000000000000 
0.691093296846880260000000000000 
0.937595474168415040000000000000 
1.074648701419933500000000000000 
1.139106845543750100000000000000 
1.164206844210358100000000000000 
1.172207979468107500000000000000 
1.174246321578513300000000000000 
1.174623950403394200000000000000 
1.174655054329747800000000000000 
1.174655052329881300000000000000 
1.174623947736905400000000000000 
1.174246313579046400000000000000 
1.172207971468640900000000000000 
1.164206832211158300000000000000 
1.139106830878061000000000000000 
1.074648666755577900000000000000 
0.937595432571187830000000000000 
0.691093254316381580000000000000 
0.296948137124183660000000000000 
