Uy
0.000002976261859666800400000000 
0.000002976261859666800400000000 
0.000053265476262059689000000000 
0.000140771997926466980000000000 
0.000216029501583726010000000000 
0.000244411305094708920000000000 
0.000229128586751778290000000000 
0.000188581034139942500000000000 
0.000137535217473060840000000000 
0.000083060113404152884000000000 
0.000027753942754367255000000000 
-0.000027759739763322685000000000 
-0.000083066111737434322000000000 
-0.000137540788784980650000000000 
-0.000188587083942871170000000000 
-0.000229133848828251330000000000 
-0.000244417148652590210000000000 
-0.000216033481737135960000000000 
-0.000140776776605730040000000000 
-0.000053266835458692531000000000 
-0.000002979436930750114300000000 
