x	y	z	
0	5.000000	0.000000	0.005000 
1	5.000000	0.005000	0.005000 
2	5.000000	0.010000	0.005000 
3	5.000000	0.015000	0.005000 
4	5.000000	0.020000	0.005000 
5	5.000000	0.025000	0.005000 
6	5.000000	0.030000	0.005000 
7	5.000000	0.035000	0.005000 
8	5.000000	0.040000	0.005000 
9	5.000000	0.045000	0.005000 
10	5.000000	0.050000	0.005000 
11	5.000000	0.055000	0.005000 
12	5.000000	0.060000	0.005000 
13	5.000000	0.065000	0.005000 
14	5.000000	0.070000	0.005000 
15	5.000000	0.075000	0.005000 
16	5.000000	0.080000	0.005000 
17	5.000000	0.085000	0.005000 
18	5.000000	0.090000	0.005000 
19	5.000000	0.095000	0.005000 
20	5.000000	0.100000	0.005000 
